1 7
2 11
3 15
4 19
5 6
5 22
6 5
6 7
7 1
7 6
7 8
8 7
8 9
9 8
9 10
9 23
10 9
10 11
11 2
11 10
11 12
12 11
12 13
13 12
13 14
13 24
14 13
14 15
15 3
15 14
15 16
16 15
16 17
17 16
17 18
17 25
18 17
18 19
19 4
19 18
19 20
20 19
20 21
21 20
21 26
22 5
22 27
23 9
23 31
24 13
24 35
25 17
25 39
26 21
26 43
27 22
27 28
28 27
28 29
29 28
29 30
29 44
30 29
30 31
31 23
31 30
31 32
32 31
32 33
33 32
33 34
33 45
34 33
34 35
35 24
35 34
35 36
36 35
36 37
37 36
37 38
37 46
38 37
38 39
39 25
39 38
39 40
40 39
40 41
41 40
41 42
41 47
42 41
42 43
43 26
43 42
44 29
44 48
45 33
45 52
46 37
46 56
47 41
47 60
48 44
48 49
49 48
49 50
50 49
50 51
50 61
51 50
51 52
52 45
52 51
52 53
53 52
53 54
54 53
54 55
55 54
55 56
56 46
56 55
56 57
57 56
57 58
58 57
58 59
58 62
59 58
59 60
60 47
60 59
61 50
61 63
62 58
62 71
63 61
63 64
64 63
64 65
65 64
65 66
65 72
66 65
66 67
67 66
67 68
68 67
68 69
69 68
69 70
69 73
70 69
70 71
71 62
71 70
72 65
72 74
73 69
73 78
74 72
74 75
75 74
75 76
76 75
76 77
76 79
77 76
77 78
78 73
78 77
79 76
79 88
80 81
80 97
81 80
81 82
82 81
82 83
83 82
83 84
84 83
84 85
85 84
85 86
86 85
86 87
87 86
87 88
88 79
88 87
88 89
89 88
89 90
91 90
91 92
92 91
92 93
93 92
93 94
94 93
94 95
95 94
95 96
96 95
96 98
97 80
97 99
98 96
98 115
99 97
99 100
100 99
100 101
101 100
101 102
102 101
102 103
103 102
103 104
104 103
104 105
105 104
105 106
106 105
106 107
107 106
107 108
107 116
108 107
108 109
109 108
109 110
110 109
110 111
111 110
111 112
112 111
112 113
113 112
113 114
114 113
114 115
115 114
115 98
116 107